,1,2,3,4,5,6,7,8,9,10,11,12,13,14,15,16,17,18,19,20,21,22,23,24,25,26,27,28,29,30,31,32,33,34,35,36,37,38,39,40,41,42,43,44,45,46,47,48,49,50,51,52,53,54,55,56,57,58,59,60,61,62,63,64,65,66,67,68,69,70,71,72,73,74,75,76,77,78,79,80,81,82,83,84,85,86,87,88 :=
1,0,2455.991592,717.4410178,1419.622665,77.62281331,2426.730251,487.92861,1370.606548,2140.086788,1582.47648,2551.385379,169.8799278,646.0803233,2575.905525,834.7469496,478.3641313,739.188159,954.5542284,203.5931921,190.2190161,2406.816542,1897.4113,406.5023563,1157.79533,760.3853376,1624.419309,1511.690683,1400.77897,1326.896363,2442.138913,1095.166088,2451.980186,2118.476022,877.0413794,532.5118367,747.447867,294.2116729,1811.66582,2559.475697,316.9560781,2502.434419,1020.313497,1226.791345,569.2600789,1090.198036,2457.904204,1148.860513,505.6088359,295.9320748,1266.102475,1012.288804,1192.759506,421.3244204,287.8008176,1069.101988,1023.567921,1187.216598,810.4512944,892.6528462,1084.41517,153.4360796,1973.138595,100.122264,564.758348,2152.249669,912.6340437,1155.997428,2467.213823,829.3464005,138.0626605,595.5955134,52.98817314,439.7050404,1762.308931,156.8532719,1602.619522,1396.533123,2401.773536,215.2375934,979.9605304,2437.178072,179.4257565,133.6042808,606.9473252,1927.80245,331.6731446,1361.15696,258.1195527
2,2455.991592,0,1745.770842,1379.742044,2396.802397,115.9163124,1983.362729,1248.812457,365.947824,1210.271021,292.9616293,2322.208109,1813.788602,344.0136858,2152.540363,1981.554521,1744.946754,1611.332062,2302.75114,2599.722485,955.515297,710.9123856,2052.51395,1684.81209,1784.66038,842.3363185,1233.824098,1216.653934,1187.273064,820.7051783,1363.134649,26.57538605,454.5380804,1591.258085,2124.221647,1939.365106,2372.898541,673.4095968,330.737449,2140.342169,351.6081418,1526.099879,1276.022269,1900.498911,2343.9611,200.099615,1315.872933,1954.974393,2200.812666,1202.037966,1533.227507,1608.919468,2238.437661,2287.531059,1629.820289,1441.494513,1273.978752,1674.823521,1853.063824,1481.647094,2581.446243,581.4129861,2516.695389,1912.121719,666.3911215,2000.230005,1301.906614,786.0946017,1628.398656,2457.233441,2135.16059,2415.232462,2057.024068,713.6884735,2303.408775,888.0365817,1271.00097,355.7088773,2569.3149,1486.094271,923.4025889,2329.831373,2381.336723,1882.217355,925.1058399,2658.109009,1195.359024,2517.649096
3,717.4410178,1745.770842,0,937.920876,666.6641344,1723.515518,237.8808421,798.5843185,1444.800646,1047.211908,1833.949978,606.5666991,163.5391042,1858.57864,862.4730184,276.4717267,85.94428002,481.6765715,596.521389,853.9569056,1732.40945,1241.210613,310.9773011,822.8728491,394.4137384,908.6509788,973.5054827,820.619276,688.3669508,1751.806689,406.6774129,1743.177538,1436.727938,259.078756,589.1410778,585.4836641,714.352186,1121.545266,1842.106988,412.4121025,1785.384887,353.606036,591.9900153,250.2346118,1188.577834,1741.057846,432.2024791,211.832182,456.1612964,587.1199624,346.5819257,809.7300532,638.6943717,618.4877672,671.9829744,306.4753109,472.2065224,122.0807473,659.6920203,552.7461054,836.1401377,1256.302028,771.683784,171.0231997,1446.73699,808.6989778,463.1134102,1773.115654,175.1322117,711.6672455,653.3537297,681.9352536,400.3779493,1069.573276,572.5448204,885.2133144,730.8502535,1684.85261,825.296265,327.6616015,1758.133917,620.1860916,664.8696678,292.7639444,1243.573219,920.3433551,660.3780276,780.0800858
4,1419.622665,1379.742044,937.920876,0,1343.378432,1298.865374,1106.654642,224.3209059,1014.040528,188.5539831,1604.137601,1251.469417,866.7524753,1648.64614,821.5009972,994.354401,1005.928762,484.0086259,1219.990997,1605.586956,1889.460677,671.0247389,1114.111227,327.3160297,666.0405637,874.7468057,146.1752914,236.2059512,412.6795523,1832.349998,648.0108332,1363.127093,932.7566451,679.1867237,926.1503916,700.1992424,1214.052979,751.5772476,1630.68253,1138.128091,1603.067119,1056.077276,440.4378923,895.0298712,967.022228,1485.765961,795.0132238,1053.326943,1287.01125,558.5094167,1056.119558,258.948635,1055.899444,1158.694623,353.6004971,821.8250991,766.8161613,977.6239578,567.3559604,385.3686642,1572.091611,1200.256386,1511.47519,1076.756815,1491.540588,665.1805658,640.6756667,1829.476731,764.2729582,1490.006749,899.2554882,1367.486007,983.8338841,736.8725611,1269.759461,946.3395191,1212.000392,1524.996122,1608.148747,634.9693174,1891.319872,1246.895435,1300.385909,836.7504785,1465.914602,1724.0829,1044.57309,1599.049104
5,77.62281331,2396.802397,666.6641344,1343.378432,0,2365.133977,445.364219,1297.788666,2076.862906,1507.356813,2498.583251,92.43195,583.5942175,2524.18929,762.5556365,415.5129032,695.6299427,880.7081231,125.9703817,267.7951446,2373.543445,1828.889898,357.2483763,1080.204366,686.0282201,1569.281125,1436.873485,1328.244484,1258.676839,2404.565029,1034.15677,2392.216131,2052.804924,812.1623431,455.6070951,669.828611,231.0629127,1747.987235,2507.57945,257.150359,2451.504008,982.6863244,1158.879862,502.437874,1025.936811,2403.34679,1095.436621,455.9581799,277.241603,1202.563031,974.7114045,1115.443114,347.0681474,212.4670243,992.3597407,971.0091712,1132.411883,765.9423708,815.0314572,1011.549804,230.9472974,1922.703828,176.5006132,522.597696,2109.134717,836.7322017,1095.255036,2428.488992,768.4902061,196.3403473,519.9996226,24.63929525,366.1438648,1699.234051,94.27542778,1550.874139,1362.305735,2351.115794,289.3101223,916.016589,2402.762801,102.1703086,62.04326113,536.3262328,1891.207763,407.0758128,1318.596019,322.2334808
6,2426.730251,115.9163124,1723.515518,1298.865374,2365.133977,0,1961.371253,1181.166876,297.1179494,1124.34902,408.8751241,2287.888466,1781.58039,459.9031537,2085.710803,1949.692006,1728.534163,1557.977872,2266.978823,2576.28283,1058.762707,627.8552899,2026.457422,1610.430964,1736.727718,833.7111831,1152.6941,1148.426332,1135.024864,926.9479408,1331.564755,89.58419243,366.2871475,1554.855904,2074.237915,1882.574917,2329.944024,622.6316285,446.6479574,2110.013027,465.7134272,1524.615381,1227.569347,1865.277511,2265.545679,312.6985643,1298.376101,1930.157758,2179.657442,1163.845597,1531.433028,1534.943624,2191.462375,2246.851599,1564.114694,1422.802175,1254.747651,1659.627296,1789.960946,1425.85397,2556.290831,620.6773591,2491.235273,1892.094313,747.2551171,1931.824429,1270.768075,893.9677079,1597.399698,2434.775766,2081.067396,2384.353123,2018.623224,668.1152193,2272.512536,890.2762461,1294.389993,461.1782139,2548.782333,1450.091815,1028.504756,2294.377148,2346.699686,1843.021463,989.7139668,2641.203147,1204.84535,2500.594261
7,487.92861,1983.362729,237.8808421,1106.654642,445.364219,1961.371253,0,996.9524637,1681.982561,1237.213533,2066.975373,400.4347207,239.9077799,2090.382699,836.3093059,165.5287796,251.3139091,624.9904816,399.26357,616.4555661,1929.863921,1470.245277,96.18176447,931.4723818,472.0890561,1144.983462,1163.246382,1022.334065,908.298203,1959.272873,639.7283797,1980.916582,1671.840126,455.5814645,511.2168828,599.8901964,541.2977134,1357.700474,2074.12816,210.3779389,2016.285819,537.8702492,809.08916,235.8150794,1159.134695,1975.860106,668.5189026,55.44836865,218.444264,818.8909341,529.930369,936.4502652,511.9331124,448.361135,796.578011,542.601365,709.4677024,322.5245618,714.4565711,727.1719806,599.6643011,1486.895195,535.6791779,77.25668011,1664.964491,826.5940018,697.8929824,1983.124976,385.0870843,473.8909666,588.8603696,457.5462224,289.1805708,1306.085933,353.8084121,1118.045882,918.8834874,1915.46299,587.5240046,544.9956646,1958.447302,418.285996,454.8805021,304.1808053,1446.196168,684.3175447,873.9776027,544.6306029
8,1370.606548,1248.812457,798.5843185,224.3209059,1297.788666,1181.166876,996.9524637,0,885.9473917,252.448735,1448.109967,1209.013861,762.2570285,1489.662935,904.6505075,911.7674663,855.2582678,418.930103,1180.852808,1548.464982,1681.477924,568.3028004,1022.555518,444.6849408,614.0573756,659.7809585,181.4439984,33.28832416,189.5708672,1631.664174,454.3412556,1235.325238,823.660031,544.4268819,926.4943609,715.6498877,1204.705536,587.1075333,1471.569967,1067.816758,1437.605905,861.278215,235.3477534,812.6220899,1107.390619,1331.945268,586.670546,947.5662489,1196.31889,339.6519731,862.2717535,369.1593841,1052.714594,1135.342163,383.2262654,630.9436685,554.3007588,815.7037185,610.7555833,286.241528,1518.698893,1001.934382,1455.199885,954.2449917,1288.815436,751.5013527,435.5514144,1631.617261,624.304389,1421.757789,918.8596475,1320.704475,931.6551834,561.1504832,1215.088735,726.8054997,990.770198,1353.367959,1541.518136,474.4760641,1685.72404,1208.697241,1263.125443,765.3765699,1247.329482,1652.94402,822.5418027,1520.431172
9,2140.086788,365.947824,1444.800646,1014.040528,2076.862906,297.1179494,1681.982561,885.9473917,0,846.7497635,608.3888341,1997.978878,1494.055823,657.1171737,1790.5595,1662.017711,1455.964654,1261.143058,1976.208374,2294.063435,1110.047816,347.7872731,1743.184631,1319.398762,1441.001427,586.3004209,868.255844,853.4349588,838.6990125,1000.636656,1046.263202,350.4799477,115.5187538,1265.015889,1777.812607,1585.457044,2035.543704,329.2162239,640.0069243,1823.130719,628.7324359,1273.199556,932.2638317,1575.47539,1978.037829,489.9632791,1027.840065,1648.249571,1900.39613,874.3010671,1279.481237,1243.58562,1895.74729,1953.49898,1268.378917,1149.705563,982.609006,1388.855911,1493.560508,1128.798521,2272.656107,499.9316507,2207.461033,1614.8966,730.4177116,1637.299609,986.2005177,978.8254416,1311.372957,2153.694915,1784.043165,2096.603711,1726.671983,377.780532,1984.924747,659.6180487,1091.060227,576.0462511,2269.224692,1160.852194,1090.913893,2003.762751,2056.517634,1550.888913,901.9472399,2364.956149,976.9143714,2224.521551
10,1582.47648,1210.271021,1047.211908,188.5539831,1507.356813,1124.34902,1237.213533,252.448735,846.7497635,0,1446.969793,1416.334295,999.1558142,1493.155918,1010.051402,1139.80694,1106.284774,631.0579002,1385.993619,1765.551929,1784.848606,499.4395991,1255.405706,515.8578053,822.6314113,798.5468528,74.02427038,238.0134255,419.2086506,1716.311207,704.6179826,1192.35428,758.3626525,790.3058803,1103.310408,879.4996145,1389.871235,614.2579208,1475.389754,1290.475846,1452.462929,1108.708766,484.7113698,1039.891698,1147.198351,1327.983053,827.6397332,1186.082082,1429.485727,572.5280816,1110.105233,446.9529308,1232.785091,1329.99761,530.0724049,880.9013785,791.4481124,1067.925812,751.1326765,511.6074806,1733.565294,1087.107459,1671.5607,1198.789012,1381.228601,853.7071342,681.0480809,1709.512147,872.2395882,1644.628451,1080.863794,1531.072361,1143.429246,610.2304555,1429.739463,881.2952812,1204.769715,1379.80701,1763.840129,725.7196728,1782.542042,1413.3583,1467.398201,986.6049275,1389.567754,1877.894564,1035.353817,1748.858929
11,2551.385379,292.9616293,1833.949978,1604.137601,2498.583251,408.8751241,2066.975373,1448.109967,608.3888341,1446.969793,0,2431.106508,1924.294685,51.3240507,2338.723074,2088.727127,1819.168078,1773.480632,2415.317655,2679.613691,713.3438973,952.836473,2144.890658,1892.042233,1931.964735,931.717424,1460.718355,1417.788962,1355.842874,570.4847734,1481.508649,319.3401502,714.5334999,1715.458338,2272.068768,2104.8359,2501.810246,861.1216408,38.27719428,2241.787279,89.70849286,1568.944234,1434.145436,2016.736913,2555.022459,119.0597591,1403.161227,2045.780158,2279.450064,1339.866217,1576.649434,1816.112086,2378.110485,2411.899657,1818.895052,1527.970396,1366.653565,1747.516701,2033.708634,1651.369794,2665.686056,583.4764538,2602.293428,1992.110746,526.0606721,2191.262044,1421.003549,530.0335112,1739.387878,2536.12937,2292.393645,2514.930752,2178.616049,889.0007568,2404.318372,948.9974214,1259.204101,171.1963635,2642.397677,1611.569028,674.9284791,2441.357596,2490.387123,2008.000545,815.5719846,2721.457866,1221.976704,2582.727292
12,169.8799278,2322.208109,606.5666991,1251.469417,92.43195,2287.888466,400.4347207,1209.013861,1997.978878,1416.334295,2431.106508,0,508.9185991,2457.926607,682.147687,342.5007978,644.5184585,791.1108377,34.93566066,359.7300818,2328.735187,1744.373234,306.1787372,987.9625077,596.0635613,1500.086218,1346.129041,1239.745517,1174.874455,2354.701386,959.1354809,2316.984833,1971.253095,733.138507,366.4322777,577.9437158,179.6479695,1668.820878,2441.124267,195.0446725,2386.189918,936.5034431,1075.535442,422.6345487,957.4982224,2333.949632,1029.378621,400.9236727,274.2101611,1124.184116,928.6415433,1023.011196,265.2321921,130.9160348,900.1450227,906.5038148,1064.565799,712.8724133,723.0924154,922.8861008,323.3052898,1858.478093,267.3903346,476.1484774,2053.174133,749.2717196,1020.393557,2377.260173,694.6669443,274.8422863,433.8141866,116.9597253,278.0259872,1620.784367,68.93436487,1485.678017,1318.44959,2286.194494,377.4290627,837.7971791,2356.584324,23.4615558,59.32545804,451.2182631,1843.215527,495.9692052,1264.882336,401.1381364
13,646.0803233,1813.788602,163.5391042,866.7524753,583.5942175,1781.58039,239.9077799,762.2570285,1494.055823,999.1558142,1924.294685,508.9185991,0,1952.197423,699.7590545,168.1121991,245.9045487,385.8694695,491.3538149,806.6192777,1868.888808,1258.030555,262.1300499,704.1739801,251.4861627,992.6422094,925.3012981,788.8815398,688.958277,1880.4018,450.7228182,1808.910457,1473.328589,233.0979728,429.821664,426.2774326,586.4744508,1165.586789,1935.219479,329.1568753,1881.528054,509.998153,588.5282387,97.93149282,1026.308233,1825.86644,527.95388,187.1828691,434.7203815,620.0337786,503.4541807,702.9241393,491.4024331,492.6984152,562.72847,410.6199435,559.8210087,283.3053665,512.8689713,488.1217393,782.0887597,1356.012968,716.9235876,218.8524077,1565.513896,652.4302636,511.9065127,1899.303794,185.7551911,671.2913199,491.2898084,602.809666,261.4838978,1116.291543,491.0095423,982.8774801,879.0318353,1782.100182,790.3883843,334.2004803,1892.487942,517.7840708,568.1954786,129.3640863,1378.480796,897.1494988,792.0044979,761.4753492
14,2575.905525,344.0136858,1858.57864,1648.64614,2524.18929,459.9031537,2090.382699,1489.662935,657.1171737,1493.155918,51.3240507,2457.926607,1952.197423,0,2377.298953,2115.803903,1841.624168,1809.34944,2442.73469,2701.47294,679.166542,1000.383946,2169.545491,1933.995002,1965.400219,960.5014421,1505.71559,1459.637871,1393.547652,535.1765334,1511.714095,370.3342528,764.2103824,1745.894809,2305.087355,2140.676167,2531.661789,903.1945595,18.09544532,2267.711353,79.65506409,1587.080754,1470.200045,2045.344347,2596.954197,167.1627746,1428.957033,2070.369637,2301.680582,1373.36215,1594.85345,1858.146119,2409.761466,2441.159075,1858.470324,1553.191953,1393.415708,1769.915465,2071.821273,1688.538928,2688.267509,603.9624572,2625.174753,2015.091187,520.4655121,2230.669875,1451.51356,493.3152789,1767.772628,2558.015187,2326.789168,2540.184559,2207.775464,929.4636818,2429.91474,973.4116056,1269.544988,178.5847509,2663.196011,1642.452979,639.2539199,2468.576842,2517.153044,2038.082077,811.4149225,2740.558595,1239.009897,2602.295627
15,834.7469496,2152.540363,862.4730184,821.5009972,762.5556365,2085.710803,836.3093059,904.6505075,1790.5595,1010.051402,2338.723074,682.147687,699.7590545,2377.298953,0,671.244937,945.6524688,586.2888186,648.061175,1017.146707,2452.428429,1466.721925,770.0576234,494.3053354,500.2192841,1459.974453,959.0119435,937.3024154,984.3522596,2435.085327,949.591326,2139.551049,1726.038794,752.9807168,339.3838772,286.8985964,547.8052483,1484.136131,2359.261736,704.5157094,2319.167959,1190.847697,914.8396338,629.4115496,327.0976186,2225.286953,1100.500491,790.0784338,881.1090317,1029.996738,1185.401769,564.1948927,416.9421727,551.8672981,522.766304,1022.990018,1109.740513,978.1046154,306.5707439,692.4098907,976.5606654,1836.4669,934.2210327,869.8386802,2096.99077,156.5889769,996.6746819,2444.748559,792.9942463,956.2281265,259.910424,785.5049438,553.8553225,1451.219896,737.4200749,1490.165735,1528.222445,2228.59524,1049.981872,825.9614267,2467.738873,664.4926592,701.8674393,572.7696557,1970.552789,1165.386999,1404.903174,1082.778168
16,478.3641313,1981.554521,276.4717267,994.354401,415.5129032,1949.692006,165.5287796,911.7674663,1662.017711,1139.80694,2088.727127,342.5007978,168.1121991,2115.803903,671.244937,0,333.7585536,511.2086453,327.2056877,642.7717645,2008.861932,1422.048303,123.7106086,789.5652752,334.919908,1157.591539,1066.700571,940.0705126,851.8087053,2027.127915,618.6718015,1976.813814,1640.295749,398.9132649,351.3752906,437.4111705,437.8843232,1333.419129,2098.953373,161.8595202,2044.377853,625.7296085,751.386308,99.92106256,995.0178213,1991.455483,687.9889658,119.8296523,292.9871136,787.8426226,618.3279837,802.6112961,372.1569679,342.0400539,665.0343264,566.4563425,722.3919474,393.7522002,558.5094638,629.5393969,616.6852829,1517.308658,551.7300397,204.7487723,1718.557726,662.6080196,679.8017537,2047.802477,353.1608394,511.0201306,427.075765,434.708889,134.5241934,1284.276067,322.9347218,1144.251573,1006.031413,1944.554699,630.7646717,501.5988558,2034.446993,352.7898544,401.8210193,159.9189402,1519.853302,741.1937211,935.6628189,609.4276198
17,739.188159,1744.946754,85.94428002,1005.928762,695.6299427,1728.534163,251.3139091,855.2582678,1455.964654,1106.284774,1819.168078,644.5184585,245.9045487,1841.624168,945.6524688,333.7585536,0,560.539299,638.6535648,860.6269669,1684.804951,1270.553457,339.5056274,904.5665559,480.3058684,903.3484723,1033.127887,875.2593987,731.3639343,1710.508801,437.744536,1743.702572,1454.795274,328.2109618,663.8785575,670.4621762,767.1227639,1137.649766,1825.526507,449.7569096,1767.005055,294.142161,638.7446914,325.4454503,1272.199658,1730.064835,430.1676263,243.8169891,460.3004583,617.041429,286.4962244,888.7621354,704.1246429,671.3552132,752.2271521,306.3320202,474.0873363,71.71870334,745.5708592,622.4941398,846.6509581,1237.759325,783.6209473,174.4839981,1413.803794,894.3370182,488.9424502,1733.628144,242.8424508,717.1680463,730.8811805,708.4999411,464.6793548,1084.660912,602.9751164,871.1156168,676.3758674,1666.068229,825.8174921,380.7822376,1712.229528,660.3547691,701.1023635,373.8246797,1198.698294,913.3183629,622.9926958,772.7820567
18,954.5542284,1611.332062,481.6765715,484.0086259,880.7081231,1557.977872,624.9904816,418.930103,1261.143058,631.0579002,1773.480632,791.1108377,385.8694695,1809.34944,586.2888186,511.2086453,560.539299,0,762.4203862,1135.524621,1868.353738,972.0928431,630.1761972,348.2528885,195.264261,875.5670708,558.9082021,450.4218519,424.0647142,1848.873616,373.8460141,1601.410842,1215.647587,244.274408,517.962792,331.3601311,788.5955837,938.2193759,1791.468634,659.4784152,1747.522794,702.3374465,339.3587471,411.5341564,868.4838907,1663.535435,535.8186752,570.915095,803.3598939,445.1560403,699.3402301,328.2630973,640.1065976,716.8574443,192.7935977,487.9395433,536.4997139,551.9439113,286.080034,135.6594504,1104.343544,1253.317253,1041.70657,601.2487605,1510.778296,462.1455429,414.6619645,1858.4702,323.6625636,1013.570624,523.8348419,903.9547328,514.8597669,898.1876887,800.2889689,903.8769232,982.2509525,1654.19901,1132.803877,268.2092114,1882.683392,790.2064814,844.6179633,355.7612539,1390.203765,1246.904606,841.4783558,1118.735612
19,203.5931921,2302.75114,596.521389,1219.990997,125.9703817,2266.978823,399.26357,1180.852808,1976.208374,1385.993619,2415.317655,34.93566066,491.3538149,2442.73469,648.061175,327.2056877,638.6535648,762.4203862,0,393.7280069,2323.454187,1719.191961,303.5657745,954.2949381,567.1861696,1483.819848,1316.102789,1211.803361,1150.392324,2347.200329,940.2181447,2297.18305,1947.901861,712.2090935,331.5203476,543.8666965,158.7667892,1646.993862,2425.841713,189.7860633,2371.487115,931.9405091,1051.423114,402.2543915,925.9419318,2317.217715,1015.192519,394.9167307,291.6478874,1103.136711,924.1468828,990.0646512,231.3209291,98.1411751,868.1363394,893.3193129,1049.406857,705.8082882,689.0643974,894.946651,356.8410064,1844.513019,301.8019424,473.5022768,2043.045474,714.340757,1001.489435,2369.143266,676.9365291,309.52708,398.9817158,150.6069021,251.9652042,1599.395854,94.9860615,1471.455157,1314.279825,2271.716326,412.2966523,817.1779804,2350.699062,27.95830359,82.32464612,426.8645236,1836.789661,530.795986,1256.369648,435.7025904
20,190.2190161,2599.722485,853.9569056,1605.586956,267.7951446,2576.28283,616.4555661,1548.464982,2294.063435,1765.551929,2679.613691,359.7300818,806.6192777,2701.47294,1017.146707,642.7717645,860.6269669,1135.524621,393.7280069,0,2488.771786,2064.368451,550.9913733,1347.625426,942.9507336,1761.182115,1694.085669,1577.935002,1494.43877,2534.259292,1248.03495,2597.095641,2278.302599,1039.695353,722.2264998,937.5886224,470.1658505,1967.456827,2685.514285,482.2744062,2626.304183,1123.361994,1393.984091,738.9111339,1257.523156,2590.553976,1284.865773,646.1817082,400.4304453,1423.487177,1115.361971,1381.646423,608.184302,476.4148147,1256.505661,1158.966729,1325.914109,932.1968197,1082.773502,1262.937299,41.06442368,2097.512631,94.11740828,689.0374777,2258.671632,1100.81124,1307.875891,2562.000073,984.2725113,143.4843226,783.6621053,243.1582043,622.4104483,1916.83087,336.0136975,1731.721813,1487.057411,2525.262938,67.71033166,1139.890633,2521.752121,369.5967896,321.8853914,783.0923619,2019.88772,152.2581135,1471.044512,154.5766306
21,2406.816542,955.515297,1732.40945,1889.460677,2373.543445,1058.762707,1929.863921,1681.477924,1110.047816,1784.848606,713.3438973,2328.735187,1868.888808,679.166542,2452.428429,2008.861932,1684.804951,1868.353738,2323.454187,2488.771786,0,1373.555634,2022.678274,2100.46154,1971.003043,1024.455609,1768.517656,1660.129609,1524.019434,144.6781912,1504.128856,980.2506141,1223.670637,1718.883409,2283.442407,2177.227825,2446.742901,1183.522587,680.6173471,2134.398657,627.2093588,1392.294102,1563.402706,1966.71395,2731.233411,760.289261,1363.688591,1928.594698,2112.030798,1435.18759,1400.18189,2031.064713,2359.907673,2350.895361,1982.150303,1464.431725,1347.347493,1618.227888,2154.072345,1780.407599,2486.377155,698.9273563,2430.099177,1853.204964,405.4345426,2329.114064,1455.754827,189.1045198,1706.398813,2351.450854,2327.769704,2383.549804,2127.999229,1177.529645,2283.442948,972.5892322,1011.244688,599.821573,2437.024611,1632.069252,47.4644921,2345.031247,2384.429196,1983.394692,490.5274986,2488.062979,1076.969465,2361.460845
22,1897.4113,710.9123856,1241.210613,671.0247389,1828.889898,627.8552899,1470.245277,568.3028004,347.7872731,499.4395991,952.836473,1744.373234,1258.030555,1000.383946,1466.721925,1422.048303,1270.553457,972.0928431,1719.191961,2064.368451,1373.555634,0,1517.681135,984.7648498,1162.240568,554.0891438,524.8499674,535.0167451,570.5413287,1283.387829,835.1067799,693.3087611,262.002872,1024.978326,1488.552155,1282.854894,1759.829196,226.0520936,982.8961317,1583.572718,965.3619049,1149.809899,670.7976097,1328.281857,1637.736974,833.8343738,869.2708364,1429.158427,1684.939904,654.5470365,1154.507834,909.7840172,1612.139332,1684.392449,949.7565978,975.6795221,822.5070818,1210.898609,1178.334348,836.5167544,2038.726052,688.1198899,1973.774248,1411.399939,971.0779949,1311.334933,781.6549455,1269.085034,1086.191858,1929.097593,1485.383382,1850.378337,1467.227034,266.0277656,1740.571991,648.7361345,1076.150098,900.9750407,2047.812779,927.1713355,1362.697543,1747.128917,1801.168967,1293.198635,1061.141804,2151.834919,926.2697027,2013.566078
23,406.5023563,2052.51395,310.9773011,1114.111227,357.2483763,2026.457422,96.18176447,1022.555518,1743.184631,1255.405706,2144.890658,306.1787372,262.1300499,2169.545491,770.0576234,123.7106086,339.5056274,630.1761972,303.5657745,550.9913733,2022.678274,1517.681135,0,913.2468889,458.1283759,1218.401568,1181.901651,1049.797714,950.0101037,2049.955104,697.0528017,2049.146447,1727.746657,493.4714595,436.4514543,553.8378244,445.3672106,1416.467937,2153.081436,114.2459918,2096.2668,630.3928273,849.7133333,219.8150238,1088.277374,2051.560706,742.4801213,99.19226098,174.1085906,872.850854,622.5177159,926.0471596,423.4368776,352.9734289,788.1282352,617.0873639,781.285471,409.1263688,679.6164147,743.9169844,529.8443265,1567.087568,464.7789079,170.1324562,1752.091477,775.2701929,756.987841,2073.132027,433.7006946,412.1813901,515.8976988,371.5244578,216.2185979,1365.86187,263.8512569,1196.190429,1012.270906,1995.685518,530.2564039,590.8690227,2050.739338,323.2839205,361.9024102,283.1927135,1537.729881,635.3005852,961.9405538,499.3523085
24,1157.79533,1684.81209,822.8728491,327.3160297,1080.204366,1610.430964,931.4723818,444.6849408,1319.398762,515.8578053,1892.042233,987.9625077,704.1739801,1933.995002,494.3053354,789.5652752,904.5665559,348.2528885,954.2949381,1347.625426,2100.46154,984.7648498,913.2468889,0,459.4017733,1077.213591,467.1959559,474.3588568,576.9920281,2060.857361,678.4962111,1669.878693,1246.366503,592.4123163,636.6384497,411.7442019,922.8563309,1030.942458,1915.906315,909.2593576,1882.289378,1045.071659,543.2797611,698.400237,662.987764,1775.403701,845.070897,876.0248931,1076.496921,676.2721534,1042.610857,76.05472684,764.3135621,880.493383,156.6346979,821.4720675,833.8332241,899.6787264,267.2720025,351.3800647,1311.132705,1436.752189,1254.654423,922.81959,1717.44734,338.2257256,700.8493153,2063.687144,671.4782003,1246.22234,596.2598421,1104.818503,742.6826606,1005.835206,1017.986138,1129.653255,1293.887182,1797.808275,1359.874666,601.6237296,2108.435674,979.447852,1030.506886,631.4680055,1643.845042,1478.294427,1139.77066,1364.150384
25,760.3853376,1784.66038,394.4137384,666.0405637,686.0282201,1736.727718,472.0890561,614.0573756,1441.001427,822.6314113,1931.964735,596.0635613,251.4861627,1965.400219,500.2192841,334.919908,480.3058684,195.264261,567.1861696,942.9507336,1971.003043,1162.240568,458.1283759,459.4017733,0,1014.121221,751.4346675,645.3498765,602.736657,1964.211496,471.2152545,1776.084912,1401.157674,255.0083453,340.5880011,213.4908081,597.8928052,1114.419075,1947.737165,472.1863287,1900.355819,695.5906172,509.285174,239.9777022,816.5140396,1825.190382,608.714009,416.6449883,626.9762308,592.1182535,690.6346395,468.0191485,454.7564085,523.0141447,330.1180084,523.636305,623.7588875,496.9319687,265.2827675,329.0195185,910.9933179,1391.689429,848.9385672,467.0725342,1633.136743,420.4160289,525.9521024,1977.589556,294.016121,824.249471,364.4242456,709.4374716,320.8733185,1071.338609,607.1093153,1028.243301,1028.288865,1804.486292,942.7897467,339.9243735,1989.299847,594.9582511,649.364925,175.007426,1484.026817,1058.235934,909.2232381,933.2493717
26,1624.419309,842.3363185,908.6509788,874.7468057,1569.281125,833.7111831,1144.983462,659.7809585,586.3004209,798.5468528,931.717424,1500.086218,992.6422094,960.5014421,1459.974453,1157.591539,903.3484723,875.5670708,1483.819848,1761.182115,1024.455609,554.0891438,1218.401568,1077.213591,1014.121221,0,767.3175866,640.6964066,500.2304287,985.0525822,552.0172013,842.1286604,621.7056495,786.240027,1350.810143,1202.222213,1571.242883,335.3842981,943.3386215,1312.163985,891.5284614,691.688731,548.614508,1085.079043,1719.021494,834.1026501,476.5376525,1119.774041,1361.199319,430.4173112,698.3589321,1006.996685,1451.525546,1480.664793,965.5515032,602.4395432,437.2035648,832.8675772,1154.611503,770.779726,1744.509111,378.4025034,1680.221644,1072.30861,642.3317666,1325.167498,492.510453,990.2671442,807.6723583,1618.143952,1378.291121,1586.308261,1247.289809,288.6679777,1475.130805,95.26386591,528.0704097,793.5314631,1728.774909,683.7611795,1031.338964,1509.984197,1559.400617,1077.873228,592.9939028,1816.066028,394.440735,1675.691775
27,1511.690683,1233.824098,973.5054827,146.1752914,1436.873485,1152.6941,1163.246382,181.4439984,868.255844,74.02427038,1460.718355,1346.129041,925.3012981,1505.71559,959.0119435,1066.700571,1033.127887,558.9082021,1316.102789,1694.085669,1768.517656,524.8499674,1181.901651,467.1959559,751.4346675,767.3175866,0,170.892078,356.8674573,1705.536413,635.5057689,1217.087526,786.607878,716.3931887,1037.828418,815.653147,1323.390236,613.3165593,1487.799542,1218.046143,1461.603662,1041.48016,415.9625747,966.8037597,1113.087069,1342.122501,763.3247139,1112.181856,1355.999305,510.5439114,1042.647042,394.9376817,1166.98376,1261.767459,466.3749856,812.0596353,728.6408208,995.5569322,690.9898966,438.0021561,1662.40915,1073.947371,1600.159046,1124.777199,1367.177774,802.4241495,614.5068815,1700.758766,798.4836598,1572.329821,1018.105973,1460.482624,1072.307964,602.7667397,1358.452186,845.974427,1151.372636,1385.324296,1691.652504,652.7811474,1768.212197,1343.567985,1397.716396,914.1150391,1360.238225,1805.401323,982.0178144,1675.920538
28,1400.77897,1216.653934,820.619276,236.2059512,1328.244484,1148.426332,1022.334065,33.28832416,853.4349588,238.0134255,1417.788962,1239.745517,788.8815398,1459.637871,937.3024154,940.0705126,875.2593987,450.4218519,1211.803361,1577.935002,1660.129609,535.0167451,1049.797714,474.3588568,645.3498765,640.6964066,170.892078,0,187.7345667,1608.229978,466.6567081,1203.009599,790.5363127,568.4339585,959.2858207,748.8567361,1236.999203,556.6682567,1441.548821,1096.831445,1408.222791,871.129782,246.7420288,841.1926107,1137.323188,1301.36931,592.4861094,973.5079095,1223.34332,340.8689395,872.4170993,398.5558561,1085.314942,1167.127885,416.2336162,642.8898276,558.2134852,833.7779523,643.9398144,316.8741072,1548.455387,977.5839581,1484.806075,978.1653315,1265.773071,783.8809513,443.8044539,1607.503003,647.0391327,1450.492314,952.0213492,1351.064708,962.1715274,531.9796213,1245.043123,710.4669261,987.5538233,1324.662477,1570.273614,494.8052322,1663.64059,1239.672193,1294.101238,794.9595455,1230.47762,1681.243186,818.6920201,1548.196802
29,1326.896363,1187.273064,688.3669508,412.6795523,1258.676839,1135.024864,908.298203,189.5708672,838.6990125,419.2086506,1355.842874,1174.874455,688.958277,1393.547652,984.3522596,851.8087053,731.3639343,424.0647142,1150.392324,1494.43877,1524.019434,570.5413287,950.0101037,576.9920281,602.736657,500.2304287,356.8674573,187.7345667,0,1484.275152,300.3505921,1177.382342,799.6549114,456.5409111,939.2135563,753.0593081,1199.248413,514.2102502,1375.542936,1013.17757,1334.822189,692.9680562,100.4696768,757.7405584,1224.538602,1243.905159,408.6830165,864.3581823,1119.600294,153.7004758,694.8678995,507.049421,1057.314774,1119.934056,471.8669431,471.6237971,372.3102232,681.6254955,678.3799877,296.1400842,1468.398807,863.8135555,1403.511998,854.7900743,1140.979116,840.6074559,266.2665157,1487.904757,523.3906914,1360.222169,947.8994108,1280.026189,898.5809369,474.435484,1170.066831,556.0841679,801.3041062,1244.51698,1479.341854,363.5557196,1531.523425,1178.280387,1232.103485,723.7131065,1075.079717,1585.213211,632.9776107,1448.127022
30,2442.138913,820.7051783,1751.806689,1832.349998,2404.565029,926.9479408,1959.272873,1631.664174,1000.636656,1716.311207,570.4847734,2354.701386,1880.4018,535.1765334,2435.085327,2027.127915,1710.508801,1848.873616,2347.200329,2534.259292,144.6781912,1283.387829,2049.955104,2060.857361,1964.211496,985.0525822,1705.536413,1608.229978,1484.275152,0,1493.562395,845.9766408,1115.642766,1716.049197,2285.551271,2165.849142,2463.878844,1106.135777,537.1141101,2159.689012,485.5419101,1422.208633,1532.184107,1978.284902,2703.211801,623.08814,1363.149842,1953.789382,2149.671631,1408.21221,1430.212829,1989.427047,2368.757106,2368.488737,1950.285216,1471.222829,1342.125233,1641.839567,2132.715078,1752.799447,2529.462024,632.1335487,2471.317327,1882.102031,343.4448909,2305.852589,1441.670334,45.9734868,1710.967106,2394.685637,2325.351392,2415.962896,2141.421268,1106.092355,2312.873107,945.2792608,1047.64784,465.854192,2485.17068,1624.295951,104.4787242,2369.878539,2411.584497,1989.87685,514.7578441,2542.353473,1091.509393,2412.380887
31,1095.166088,1363.134649,406.6774129,648.0108332,1034.15677,1331.564755,639.7283797,454.3412556,1046.263202,704.6179826,1481.508649,959.1354809,450.7228182,1511.714095,949.591326,618.6718015,437.744536,373.8460141,940.2181447,1248.03495,1504.128856,835.1067799,697.0528017,678.4962111,471.2152545,552.0172013,635.5057689,466.6567081,300.3505921,1493.562395,0,1358.187675,1032.285642,234.248526,801.6901087,673.3415763,1020.311308,719.4997216,1494.405961,778.4922697,1443.447144,408.8229695,219.9150983,538.3026317,1241.685386,1380.024923,166.740692,603.0451892,857.2378738,180.589487,409.298379,629.931947,899.680742,930.9015282,529.2915962,176.607659,162.654233,383.4391454,658.064371,327.3870507,1226.392943,925.8430911,1161.199337,577.4738674,1161.951614,834.5126669,61.27326358,1506.49442,265.8511488,1108.311879,834.567703,1053.041919,698.0033356,668.8148456,941.1750556,558.1916672,616.3476451,1345.543133,1224.846619,132.7881348,1520.908127,967.1119831,1018.310025,526.493941,1020.965238,1324.004041,468.7893393,1184.34234
32,2451.980186,26.57538605,1743.177538,1363.127093,2392.216131,89.58419243,1980.916582,1235.325238,350.4799477,1192.35428,319.3401502,2316.984833,1808.910457,370.3342528,2139.551049,1976.813814,1743.702572,1601.410842,2297.18305,2597.095641,980.2506141,693.3087611,2049.146447,1669.878693,1776.084912,842.1286604,1217.087526,1203.009599,1177.382342,845.9766408,1358.187675,0,435.2326693,1585.31016,2115.260128,1928.736707,2365.657086,663.1920826,357.171264,2136.005415,378.094378,1528.178137,1267.082578,1894.947806,2328.170762,226.2872153,1314.147502,1951.864179,2198.623924,1195.438784,1535.238727,1594.061904,2230.216187,2280.806879,1616.964356,1439.574802,1271.823262,1673.829487,1840.901548,1471.092863,2578.417052,591.6069851,2513.582132,1910.106233,686.2524164,1986.82659,1297.019013,811.6570006,1623.726453,2454.80482,2125.224869,2410.83459,2050.776486,704.752979,2298.981351,890.3919698,1278.571104,380.5895521,2567.356221,1480.187668,948.4826219,2324.344103,2376.052523,1875.72981,941.6289662,2657.006989,1199.716922,2516.484178
33,2118.476022,454.5380804,1436.727938,932.7566451,2052.804924,366.2871475,1671.840126,823.660031,115.5187538,758.3626525,714.5334999,1971.253095,1473.328589,764.2103824,1726.038794,1640.295749,1454.795274,1215.647587,1947.901861,2278.302599,1223.670637,262.002872,1727.746657,1246.366503,1401.157674,621.7056495,786.607878,790.5363127,799.6549114,1115.642766,1032.285642,435.2326693,0,1241.44289,1733.607661,1533.771758,1998.58307,317.6928561,747.494341,1802.090406,739.892854,1292.498813,897.114658,1550.367087,1899.637956,597.3419947,1032.646356,1635.055714,1889.522518,854.8959588,1298.303269,1171.201387,1854.634872,1919.559735,1206.695925,1150.408344,986.2892086,1390.015795,1434.368645,1081.128944,2255.064645,595.7060776,2189.843134,1607.690591,839.8594375,1571.163728,974.0108682,1094.169525,1294.097615,2139.763167,1734.867245,2073.354718,1696.658654,371.402679,1962.245172,704.2499642,1142.443737,690.4045446,2256.854723,1139.149462,1205.250696,1975.687918,2029.131806,1521.110995,996.7878689,2356.15587,1016.145063,2216.292968
34,877.0413794,1591.258085,259.078756,679.1867237,812.1623431,1554.855904,455.5814645,544.4268819,1265.015889,790.3058803,1715.458338,733.138507,233.0979728,1745.894809,752.9807168,398.9132649,328.2109618,244.274408,712.2090935,1039.695353,1718.883409,1024.978326,493.4714595,592.4123163,255.0083453,786.240027,716.3931887,568.4339585,456.5409111,1716.049197,234.248526,1585.31016,1241.44289,0,571.1401825,467.4754,786.6021966,935.9685949,1728.566553,560.7609238,1677.694941,463.8783342,356.2862845,310.5145811,1063.111667,1613.29239,355.2538033,409.1837035,663.563381,391.0528674,460.2176436,567.8857525,665.8141449,698.0799835,436.3676744,270.2448966,373.9762627,310.2758721,487.7143564,294.5723239,1014.891065,1159.149212,949.7712592,409.8353502,1388.997893,658.7928964,294.457345,1730.947008,85.40135002,904.175249,609.553996,832.3010832,466.0671239,887.6662195,720.9492051,789.4669897,775.781764,1579.746862,1023.076178,105.1741873,1738.19072,739.5493499,791.8670019,292.7909538,1230.726248,1128.687477,654.217758,991.8454247
35,532.5118367,2124.221647,589.1410778,926.1503916,455.6070951,2074.237915,511.2168828,926.4943609,1777.812607,1103.310408,2272.068768,366.4322777,429.821664,2305.087355,339.3838772,351.3752906,663.8785575,517.962792,331.5203476,722.2264998,2283.442407,1488.552155,436.4514543,636.6384497,340.5880011,1350.810143,1037.828418,959.2858207,939.2135563,2285.551271,801.6901087,2115.260128,1733.607661,571.1401825,0,227.109991,288.2630169,1452.736228,2287.473125,365.1718724,2239.391287,939.7668081,848.2157022,339.1237774,652.0432673,2165.66205,922.4349741,470.8037414,541.8992512,932.2574643,933.1674737,681.154458,129.7500645,246.831291,573.6433221,819.353243,944.5340285,711.0182281,369.4350856,652.7627069,683.758629,1726.987785,632.0975724,555.9901519,1960.079608,383.7683289,859.3088007,2301.284987,577.1337153,639.2018908,80.08608084,480.0456515,222.2573239,1410.596582,411.8447414,1359.622671,1306.425051,2142.952174,743.7763852,668.9059724,2304.552252,353.4583542,400.5857481,304.301451,1793.364469,862.1715684,1208.808531,764.2088293
36,747.447867,1939.365106,585.4836641,700.1992424,669.828611,1882.574917,599.8901964,715.6498877,1585.457044,879.4996145,2104.8359,577.9437158,426.2774326,2140.676167,286.8985964,437.4111705,670.4621762,331.3601311,543.8666965,937.5886224,2177.227825,1282.854894,553.8378244,411.7442019,213.4908081,1202.222213,815.653147,748.8567361,753.0593081,2165.849142,673.3415763,1928.736707,1533.771758,467.4754,227.109991,0,515.3121903,1265.965558,2122.802001,522.1269692,2078.602894,905.3240375,670.6959242,371.5371844,606.753706,1994.740371,818.4815163,547.8334683,698.5733715,772.9468598,900.0470419,454.1013728,356.5698957,468.7926227,349.5099671,736.9233961,830.5943721,697.2455849,145.2292829,457.7207517,900.5264019,1580.591252,845.2452766,618.1642389,1831.296166,228.5651848,724.1809644,2177.606957,506.1896904,841.8472834,203.6820592,694.467485,353.2180655,1227.45003,612.2493081,1224.252388,1241.769473,1984.910927,952.7866477,545.6647657,2194.248874,568.5085521,619.0455805,306.9346431,1692.189554,1071.511256,1121.092841,963.0611653
37,294.2116729,2372.898541,714.352186,1214.052979,231.0629127,2329.944024,541.2977134,1204.705536,2035.543704,1389.871235,2501.810246,179.6479695,586.4744508,2531.661789,547.8052483,437.8843232,767.1227639,788.5955837,158.7667892,470.1658505,2446.742901,1759.829196,445.3672106,922.8563309,597.8928052,1571.242883,1323.390236,1236.999203,1199.248413,2463.878844,1020.311308,2365.657086,1998.58307,786.6021966,288.2630169,515.3121903,0,1707.378294,2514.428061,332.2856016,2462.556221,1061.075724,1103.530452,489.8013995,796.2520591,2399.877914,1113.946798,527.5166584,450.3938167,1171.290328,1053.50107,969.1710117,158.8423044,95.93780988,861.0296396,996.9027912,1144.143957,830.3860503,656.3099469,924.2037156,429.354191,1939.822562,390.9686385,611.5083573,2151.766114,642.2860069,1080.936298,2483.860827,766.3588765,426.4593665,330.3962488,250.4650188,325.6056128,1662.323505,248.5512614,1567.162386,1442.687212,2363.900447,507.3030115,891.086595,2472.21705,156.258627,169.6000321,493.8589508,1957.611105,620.0619685,1372.782335,550.9896659
38,1811.66582,673.4095968,1121.545266,751.5772476,1747.987235,622.6316285,1357.700474,587.1075333,329.2162239,614.2579208,861.1216408,1668.820878,1165.586789,903.1945595,1484.136131,1333.419129,1137.649766,938.2193759,1646.993862,1967.456827,1183.522587,226.0520936,1416.467937,1030.942458,1114.419075,335.3842981,613.3165593,556.6682567,514.2102502,1106.135777,719.4997216,663.1920826,317.6928561,935.9685949,1452.736228,1265.965558,1707.378294,0,885.1141796,1494.736558,853.5195078,978.3547589,605.142168,1246.372285,1693.930026,744.84406,715.0146648,1322.421546,1575.845131,545.5769832,983.9215059,955.0384763,1569.068427,1624.726603,961.8765953,832.8520325,668.616609,1072.507107,1182.06851,808.2449523,1945.382968,486.0853582,1880.157953,1292.300131,778.0939227,1334.028729,660.1411493,1097.303354,983.7046274,1827.789972,1462.033938,1767.85762,1397.511335,54.12912249,1656.25032,428.2192052,862.8394425,773.525313,1944.079139,831.998119,1177.372657,1674.552291,1727.33085,1221.743071,841.2470085,2041.735113,721.3002401,1901.587839
