0,1,2,3,4,5,6,7,8,9
0,20,41,17,18,38,64,37,54,71
20,0,21,37,38,18,43,53,36,53
41,21,0,58,59,39,22,78,57,46
17,37,58,0,35,55,78,20,37,54
18,38,59,35,0,20,48,55,38,52
38,18,39,55,20,0,28,35,18,35
64,43,22,78,48,28,0,58,41,24
37,53,78,20,55,35,58,0,17,34
54,36,57,37,38,18,41,17,0,17
71,53,46,54,52,35,24,34,17,0
